Chromosome	Kosambi	Name	Male	Female	Ensembl83	Extrapolation
1	269.3765	rs6679445	194.1398	348.2916	242712151	0
1	281.5089	rs12094001	209.0345	357.5789	247926949	1
1	281.5948	rs1933162	209.0774	357.6648	248015727	1
1	281.7533	rs7537031	209.1567	357.8233	248179535	1
1	281.7724	rs10888327	209.1662	357.8424	248199277	1
1	281.8929	rs4451579	209.2264	357.9629	248323714	1
14	40.4533	rs2050481	40.0416	41.29	40602430	0
15	6.1668	rs9944233	5.917	6.378	25540858	0
16	121.0994	rs2934467	94.1398	150.0774	84937817	0
2	184.8313	rs6713305	133.8818	237.7008	177282815	0
3	131.9522	rs1879804	100.6258	165.7007	124358816	0
3	164.8238	rs6787513	120.5712	211.8365	154486119	0
5	168.8877	rs6862022	124.3278	215.4773	160678337	0
7	105.7662	rs1234455	73.5256	139.4718	95674443	0
8	45.7689	rs1457266	44.8042	47.6989	24912339	0
8	66.63	rs7840334	54.04	80.23	52201871	0
8	116.848	rs16875341	76.7045	159.045	106936618	0
